Weights of layer in2hidden.weight:
[[ 0.432  0.439  0.319  0.234 -0.003  0.011 -0.28   0.142 -0.242 -0.092
   0.28   0.121 -0.242 -0.152  0.291  0.077  0.206 -0.059  0.023 -0.198
  -0.241 -0.265 -0.232 -0.157  0.267 -0.436  0.824  0.287  1.129 -0.079
   0.196  0.184  0.338  0.09   0.203 -0.154 -0.021  0.097 -0.105 -0.274
   0.076 -0.246  0.281 -0.104 -0.277  0.015  0.095 -0.23  -0.211  0.186
   0.106 -0.047 -0.189  0.162  0.14   0.225  0.011  0.254  0.152]
 [-0.652 -0.259 -0.691 -0.404 -0.196  0.034 -0.088 -0.402  0.213 -0.012
  -0.203 -0.097  0.3   -0.174  0.142  0.406 -0.382  0.12   0.447 -0.216
   0.294  0.166 -0.219 -0.273 -0.038  0.126 -0.909  0.185  0.742  0.228
   0.061 -0.313  0.105 -0.121  0.27  -0.028  0.048  0.248  0.44   0.184
  -0.27  -0.163 -0.283 -0.008 -0.169 -0.105  0.167 -0.275  0.162  0.271
  -0.051  0.058  0.095  0.138  0.176  0.129  0.089  0.007 -0.156]
 [ 0.469  0.545  0.408  0.266  0.233 -0.277  0.126  0.133 -0.405 -0.161
   0.137  0.447 -0.464  0.414  0.015 -0.138 -0.272 -0.359 -0.045  0.004
  -0.314 -0.191  0.212  0.305 -0.004  0.363  0.877 -0.252 -0.714 -0.48
   0.126 -0.296 -0.085 -0.2    0.194  0.05  -0.265  0.062  0.582 -0.086
  -0.256  0.256  0.088 -0.255  0.175 -0.094 -0.114 -0.074  0.043 -0.3
   0.282  0.123  0.258 -0.003 -0.123 -0.045  0.187  0.214  0.052]
 [-0.289 -0.133 -0.455 -0.356 -0.061  0.184 -0.302 -0.317  0.676 -0.475
  -0.228 -0.381  0.367 -0.013  0.015  0.99   0.141  0.084  0.083 -0.18
   0.924  0.433 -0.178  0.207 -0.112  0.517 -1.188 -0.221  1.011  0.438
   0.238  0.332  0.257  0.052  0.147 -0.069 -0.214  0.245  0.046  0.226
  -0.197 -0.103 -0.186 -0.164 -0.04   0.045 -0.127  0.216 -0.085 -0.09
  -0.211 -0.226 -0.113 -0.027 -0.188  0.238  0.229  0.11  -0.169]
 [ 0.057  0.021  0.032  0.323 -0.048  0.545  0.001  0.166  0.626  0.208
   0.336  0.216  0.315 -0.116 -0.296  0.763 -0.168  0.318  0.074 -0.102
   0.673  0.316 -0.062  0.321  0.235  0.886 -0.94  -0.167 -0.162  0.695
   0.302 -0.17   0.168 -0.145 -0.01  -0.009 -0.16  -0.189  0.306 -0.037
   0.145  0.253  0.031  0.13  -0.023 -0.025 -0.128 -0.024 -0.147 -0.256
  -0.128 -0.161  0.169 -0.057 -0.016 -0.045 -0.185  0.02  -0.152]
 [-0.199 -0.243 -0.215 -0.11   0.021 -0.12  -0.396 -0.053  0.15   0.038
  -0.186 -0.167  0.552 -0.328  0.252  0.144 -0.165  0.298  0.304 -0.15
   0.086  0.338  0.202 -0.243 -0.206  0.062 -0.181  0.235  0.489 -0.233
  -0.262  0.253  0.398 -0.168  0.265  0.261  0.077  0.072  0.143  0.282
  -0.036 -0.088 -0.271 -0.19   0.249 -0.081 -0.14  -0.038 -0.    -0.012
   0.042  0.202 -0.262  0.291  0.116  0.116  0.234  0.02  -0.209]]
Bias of layer in2hidden.bias:
[-0.035  0.096  0.328  0.282  0.593  0.075]
Weights of layer in3output.weight:
[[-0.308  0.768 -1.22   1.661  1.421  0.929]
 [-1.105 -1.188  1.552 -0.414  1.093 -0.719]
 [ 1.361 -0.987  0.628 -0.164 -0.967  0.425]]
Bias of layer in3output.bias:
[ 0.048  0.186 -0.26 ]






##########################################################################################################################################################
Weights of layer in2hidden.weight:
[[ 0.452  0.42   0.319  0.211 -0.024  0.011 -0.28   0.118 -0.242 -0.092
   0.263  0.146 -0.242 -0.125  0.259  0.077  0.206 -0.059  0.023 -0.198
  -0.241 -0.265 -0.232 -0.157  0.242 -0.436  0.824  0.287  1.129 -0.079
   0.196  0.184  0.338  0.09   0.223 -0.154 -0.021  0.097 -0.091 -0.274
   0.076 -0.246  0.281 -0.104 -0.277  0.015  0.095 -0.23  -0.211  0.186
   0.106 -0.047 -0.189  0.162  0.105  0.225  0.011  0.254  0.145]
 [-0.652 -0.259 -0.691 -0.404 -0.215  0.034 -0.088 -0.417  0.241 -0.012
  -0.164 -0.079  0.292 -0.137  0.183  0.382 -0.382  0.12   0.447 -0.242
   0.27   0.166 -0.219 -0.273 -0.063  0.126 -0.909  0.185  0.742  0.228
   0.061 -0.313  0.105 -0.121  0.261 -0.028  0.048  0.248  0.423  0.184
  -0.27  -0.163 -0.283 -0.008 -0.169 -0.105  0.167 -0.275  0.162  0.271
  -0.051  0.058  0.095  0.138  0.205  0.129  0.089  0.007 -0.137]
 [ 0.449  0.564  0.408  0.289  0.254 -0.277  0.146  0.16  -0.412 -0.161
   0.145  0.428 -0.472  0.377 -0.028 -0.114 -0.272 -0.359 -0.045  0.03
  -0.29  -0.191  0.212  0.305  0.021  0.363  0.877 -0.252 -0.714 -0.48
   0.126 -0.296 -0.085 -0.2    0.203  0.05  -0.265  0.062  0.605 -0.086
  -0.256  0.256  0.088 -0.255  0.175 -0.094 -0.114 -0.074  0.043 -0.3
   0.282  0.123  0.258 -0.003 -0.12  -0.045  0.187  0.214  0.076]
 [-0.289 -0.152 -0.455 -0.356 -0.081  0.184 -0.302 -0.332  0.704 -0.475
  -0.213 -0.356  0.359  0.024  0.056  0.966  0.141  0.084  0.083 -0.206
   0.9    0.433 -0.178  0.207 -0.138  0.517 -1.188 -0.221  1.011  0.438
   0.238  0.332  0.257  0.052  0.138 -0.069 -0.214  0.245  0.046  0.226
  -0.197 -0.103 -0.186 -0.164 -0.04   0.045 -0.127  0.216 -0.085 -0.09
  -0.211 -0.226 -0.113 -0.027 -0.159  0.238  0.229  0.11  -0.149]
 [ 0.037  0.038  0.032  0.299 -0.027  0.545 -0.018  0.188  0.654  0.208
   0.36   0.189  0.299 -0.153 -0.261  0.739 -0.168  0.318  0.074 -0.127
   0.649  0.316 -0.062  0.321  0.209  0.886 -0.94  -0.167 -0.162  0.695
   0.302 -0.17   0.168 -0.145 -0.018 -0.009 -0.16  -0.189  0.306 -0.037
   0.145  0.253  0.031  0.13  -0.023 -0.025 -0.128 -0.024 -0.147 -0.256
  -0.128 -0.161  0.169 -0.057  0.018 -0.045 -0.185  0.02  -0.145]
 [-0.199 -0.243 -0.215 -0.133 -0.    -0.12  -0.396 -0.068  0.178  0.038
  -0.171 -0.147  0.545 -0.302  0.254  0.12  -0.165  0.298  0.304 -0.175
   0.062  0.338  0.202 -0.243 -0.231  0.062 -0.181  0.235  0.489 -0.233
  -0.262  0.253  0.398 -0.168  0.256  0.261  0.077  0.072  0.114  0.282
  -0.036 -0.088 -0.271 -0.19   0.249 -0.081 -0.14  -0.038 -0.    -0.012
   0.042  0.202 -0.262  0.291  0.079  0.116  0.234  0.02  -0.19 ]]
Bias of layer in2hidden.bias:
[-0.055  0.12   0.358  0.31   0.607  0.058]
Weights of layer in3output.weight:
[[-0.311  0.783 -1.225  1.644  1.404  0.933]
 [-1.112 -1.213  1.545 -0.4    1.094 -0.71 ]
 [ 1.374 -0.976  0.668 -0.177 -0.969  0.427]]
Bias of layer in3output.bias:
[ 0.03   0.194 -0.225]